2021-01-31 21:33:25,927 accuracy:0.9057277740641712
2021-01-31 21:33:25,928 
              precision    recall  f1-score   support

           0       0.84      0.52      0.64      4591
           1       0.44      0.29      0.35       485
           2       0.80      0.50      0.62      2527
           3       0.19      0.03      0.05       131
           4       0.72      0.43      0.54      2362
           5       0.34      0.07      0.12       430

   micro avg       0.77      0.46      0.58     10526
   macro avg       0.56      0.31      0.39     10526
weighted avg       0.76      0.46      0.57     10526
 samples avg       0.99      0.94      0.93     10526


