2021-02-06 14:12:16,887 accuracy:0.9169451871657754
2021-02-06 14:12:16,887 
              precision    recall  f1-score   support

           0       0.85      0.73      0.78      4591
           1       1.00      0.00      0.00       485
           2       0.74      0.82      0.78      2527
           3       1.00      0.00      0.00       131
           4       0.68      0.72      0.70      2362
           5       1.00      0.00      0.00       430

   micro avg       0.77      0.67      0.72     10526
   macro avg       0.88      0.38      0.38     10526
weighted avg       0.80      0.67      0.69     10526
 samples avg       0.98      0.96      0.95     10526


