2021-03-01 20:58:36,451 accuracy:0.9148980614973262
2021-03-01 20:58:36,451 
              precision    recall  f1-score   support

           0       0.83      0.70      0.76      4591
           1       1.00      0.00      0.00       485
           2       0.88      0.70      0.78      2527
           3       1.00      0.00      0.00       131
           4       0.78      0.52      0.63      2362
           5       1.00      0.00      0.00       430

   micro avg       0.83      0.59      0.69     10526
   macro avg       0.92      0.32      0.36     10526
weighted avg       0.85      0.59      0.66     10526
 samples avg       0.98      0.95      0.94     10526


